tree
version=v4
num_class=1
num_tree_per_iteration=1
label_index=0
max_feature_idx=84
objective=binary sigmoid:1
feature_names=mom_5 mom_10 mom_20 mom_50 mom_100 roc_5 roc_10 roc_20 mom_decay_5_20 mom_decay_10_50 mom_decay_20_100 rvol_10 rvol_20 rvol_50 rvol_100 garch_vol garch_ratio garch_forecast vol_of_vol vol_of_vol_trend vol_regime vol_regime_pctile vol_clustering parkinson_vol gk_vol vol_high vol_low vol_normal zscore_20 zscore_50 zscore_100 dist_mean_20 dist_mean_50 dist_mean_100 bb_pos_20 bb_width_20 bb_pos_50 bb_width_50 hurst_50 hurst_100 hurst_200 entropy_50 entropy_100 entropy_200 var_ratio_5 var_ratio_10 var_ratio_20 var_ratio_40 autocorr_1 autocorr_2 autocorr_5 autocorr_10 autocorr_20 autocorr_50 ou_theta ou_half_life ou_z_score ou_signal kalman_trend kalman_velocity kalman_residual kalman_sn mom_quality mom_consistency trend_strength trend_consistency rev_speed mr_prob var_20 cvar_20 var_50 cvar_50 skewness kurtosis max_dd regime_trend regime_mr regime_random breakout_up breakout_down breakout_str mom_vol_ratio trend_vs_mr kal_ou_agree vol_adj_mom
feature_infos=[-0.015083950944244862:0.019116761162877083] [-0.028765272349119186:0.024311540648341179] [-0.028765272349119186:0.024311540648341179] [-0.028765272349119186:0.024311540648341179] [-0.028966018930077553:0.024311540648341179] [-0.015083950944244862:0.019116761162877083] [-0.028765272349119186:0.024311540648341179] [-0.028765272349119186:0.024311540648341179] [-1:1] [-1:1] [-4.6964855194091797:5.0184140205383301] [0:0.14859646558761597] [0:0.10795282572507858] [0:0.06934501975774765] [0:0.049294885247945786] [0.00081778957974165678:0.10162630677223206] [0.31097689270973206:28.442354202270508] [0.00081778957974165678:0.12891130149364471] none none [0:1.5567498207092285] [0.10000000149011612:0.30000001192092896] [-0.011918376199901104:-0.0020085782743990421] [0.00081024738028645515:0.1228501945734024] [0:0.14464505016803741] [0:1] [0:1] [0:1] [-525.351806640625:465.4984130859375] [-813.4013671875:774.1983642578125] [-767.401123046875:713.09857177734375] [-0.017460061237215996:0.018143579363822937] [-0.024274550378322601:0.019540285691618919] [-0.026541227474808693:0.021811794489622116] [-262.6759033203125:232.74920654296875] [-406.70068359375:387.09918212890625] [0:0.058370057493448257] [0:0.057846967130899429] [0.58337438106536865:0.99483573436737061] [0.62416583299636841:0.99781757593154907] [0.62521594762802124:0.86893445253372192] [0:0.14144054055213928] [0:0.16144053637981415] [0.045414693653583527:0.13613514602184296] [0:1.7777777910232544] [0:1.8947368860244751] [0:1.9487179517745972] [0:1.9746835231781006] [-0.011848022229969501:0.0021570108365267515] [-0.011872095987200737:0.0021935210097581148] [-0.011803904548287392:0.0026911417953670025] [-0.01199702825397253:0.0029605927411466837] [-0.012161905877292156:0.002842829329892993] [-0.012002495117485523:0.003603409742936492] [-0.99951910972595215:-0.64749741554260254] none [-767.401123046875:713.09857177734375] [-106.27571105957031:85.628250122070312] [-0.019926484674215317:0.015953006222844124] [-17.08799934387207:23.953332901000977] [-34.175998687744141:47.906665802001953] [0.00027913955273106694:12694.380859375] [0:0.020408162847161293] [-0.1428571492433548:0.1428571492433548] [0:0.57530546188354492] [-0.57530546188354492:0.48623079061508179] [-0.99951910972595215:-0.64749741554260254] [0:599.08966064453125] [-0.016045605763792992:0] [-0.018967075273394585:0] [-0.009958537295460701:0] [-0.011835183948278427:0] none none [-0.11144585162401199:0] none none none [0:1] [0:1] [-19.46754264831543:31.723423004150391] [-0.27033248543739319:0.27364242076873779] [-599.0643310546875:0.030444204807281494] [-1:1] [-0.044780321419239044:0.037846982479095459]
tree_sizes=3541 3651 3638 3653 3633 3660 3643 3648 3645 3648 3663 3640 3648 3653 3649 3634 3623

Tree=0
num_leaves=31
num_cat=0
split_feature=36 56 47 56 47 61 74 17 60 59 74 74 74 74 0 28 74 0 28 28 35 7 35 61 74 56 56 7 74 74
split_gain=3537.4 1633.65 3334.88 2244.64 2966.16 1243.19 761.318 738.93 707.233 706.268 680.079 661.743 604.741 593.631 581.386 831.421 525.487 489.837 1090.14 454.034 433.673 580.182 486.642 411.406 377.608 365.422 860.327 313.809 312.384 417.548
threshold=0.00013619371748063716 0.87278234958648693 1.0000000180025095e-35 -0.85322558879852284 0.0013715133536607029 1.1221047043800356 -0.018659960478544232 0.00092151790158823143 2.2964741219766441e-11 -1.5234036254696545e-11 -0.0099587370641529543 -0.0070419781841337672 -0.0095253344625234587 -0.02208217233419418 5.261273690848612e-05 1.3389832377433779 -0.0033731036819517608 -6.9067755248397575e-05 -1.3242441415786741 0.0004348755610408262 -0.35359360277652735 -0.00017294715507887301 -0.3135410994291305 1.3971731066703799 -0.07051477953791617 -0.79796677827835072 -0.75026160478591908 1.7966654013434894e-05 -0.07051477953791617 -0.060047311708331101
decision_type=2 2 2 2 2 2 2 2 2 2 2 2 2 2 2 2 2 2 2 2 2 2 2 2 2 2 2 2 2 2
left_child=1 3 8 4 9 -2 14 25 -3 -1 -8 -10 13 19 15 17 -13 -7 -19 24 21 -6 -22 -20 -4 -5 -27 -26 -28 -30
right_child=5 2 12 7 20 6 10 -9 11 -11 -12 16 -14 -15 -16 -17 -18 18 23 -21 22 -23 -24 -25 27 26 28 -29 29 -31
leaf_value=-1.0001034667514215 -1.0468627159676949 -1.0216326092956145 -1.005744183749621 -1.0378459979785568 -1.0034223369967532 -1.0465773637547449 -1.0007194631141059 -1.0015297325163914 -0.99299652889836099 -1.0237081285892946 -1.0249524316843417 -1.0295731846790626 -1.0309179372520434 -0.99967109492405037 -1.0485706352946249 -0.99871787925084088 -1.0000544115645553 -0.99414209430595102 -1.0239296538063307 -1.0424351579044764 -1.0004456129854251 -1.0285559070339745 -1.0218364363405681 -1.0392889443397286 -1.0233441641049845 -1.0045077299278451 -1.0339403380266756 -1.0014847105699571 -1.0109051428311364 -1.0261137593271457
leaf_weight=29154.563305854797 10896.01026391983 3264.5383815765381 4865.6499643325806 6115.65425157547 2519.8715496063232 4836.6344418525696 3743.5866050720215 3181.191780090332 22254.905742168427 3554.6936063766479 12763.324660301208 2426.3987255096436 11306.901219844818 4095.2781057357788 4881.4235033988953 1989.6080079078674 3978.0476055145264 2031.8655138015747 7564.2882900238037 2098.6596360206604 3889.6378927230835 25748.647277832031 8396.5858945846558 10295.05789899826 17677.658387184143 4754.8457207679749 11723.634227275848 1808.8938813209534 4800.2189874649048 75151.371633529663
leaf_count=149714 55953 16764 24986 31405 12940 24837 19224 16336 114283 18254 65542 12460 58063 21030 25067 10217 20428 10434 38844 10777 19974 132224 43118 52867 90778 24417 60203 9289 24650 385916
internal_value=-1.02059 -1.01802 -1.01176 -1.0206 -1.01387 -1.03161 -1.02816 -1.02526 -0.999584 -1.00267 -1.01946 -0.997072 -1.02104 -1.01738 -1.0327 -1.0298 -1.01124 -1.03231 -1.02884 -1.02013 -1.02291 -1.02631 -1.01506 -1.03278 -1.0182 -1.02599 -1.02524 -1.02131 -1.02632 -1.0252
internal_weight=311770 252768 73776.9 178991 73264 59001.8 48105.8 105727 31923.9 32709.3 16506.9 28659.4 41853 30546.1 31598.9 26717.5 6404.45 24727.8 19891.2 26450.9 40554.7 28268.5 12286.2 17859.3 24352.2 102546 96430.1 19486.6 91675.2 79951.6
internal_count=1600994 1298009 378858 919151 376224 302985 247032 542927 163935 167968 84766 147171 214923 156860 162266 137199 32888 126982 102145 135830 208256 145164 63092 91711 125053 526591 495186 100067 470769 410566
is_linear=0
shrinkage=1


Tree=1
num_leaves=31
num_cat=0
split_feature=36 21 44 21 30 47 30 47 21 21 21 21 59 60 74 74 74 30 30 30 30 30 30 74 74 30 30 30 28 30
split_gain=3206.52 1578.42 1529.69 3360.15 1468.77 2875 2052.23 2648.37 1204.9 948.191 1180.06 878.024 626.758 605.603 555.094 547.15 528.82 464.703 836.869 674.129 645.275 518.543 559.057 449.175 435.295 433.434 549.436 545.114 416.605 394.688
threshold=0.00013619371748063716 0.28249999880790716 1.777720630168915 0.23749999701976779 0.86527273058891307 1.0000000180025095e-35 -0.85322558879852284 0.0013715133536607029 0.21249999850988391 0.2624999880790711 0.24750000238418582 0.27250000834465032 -1.5234036254696545e-11 2.2964741219766441e-11 -0.0070419781841337672 -0.0095253344625234587 -0.02208217233419418 0.46311081945896154 -0.46051788330078119 0.50378364324569713 -0.50242251157760609 -0.79796677827835072 -0.75026160478591908 -0.0033731036819517608 -0.018659960478544232 0.56499138474464428 0.62014994025230419 0.68060359358787548 0.0004348755610408262 0.54634866118431102
decision_type=2 2 2 2 2 2 2 2 2 2 2 2 2 2 2 2 2 2 2 2 2 2 2 2 2 2 2 2 2 2
left_child=4 2 3 24 6 13 7 12 -4 10 -5 -11 -1 -6 -15 16 28 18 20 -19 21 -8 -23 -16 -2 29 -27 -28 -7 -21
right_child=1 -3 8 9 5 15 17 -9 -10 11 -12 -13 -14 14 23 -17 -18 19 -20 25 -22 22 -24 -25 -26 26 27 -29 -30 -31
leaf_value=0.019260389216113439 0.020970130836289978 -0.030370928368208285 -0.0023666760259519765 -0.00042702591689401637 -0.0010155762795619973 0.002256831061810456 -0.016504154356945928 -0.0022160493676065024 -0.031730307271046941 0.014332460203701115 -0.028195330692946458 -0.012082417500105389 -0.0029790081340852308 0.025092028793071999 -0.0079564472764219081 -0.009871165890701061 0.01964249014429709 -0.025996973521654917 0.0081977777234092924 -0.003571121452590283 -0.022707430793399735 0.015164738527099875 -0.0033266988350053924 0.018806281627740829 0.047654851772686302 -0.022245691233249227 0.0062758613624666953 -0.009821643285353782 -0.021014906918279556 0.021207584057069708
leaf_weight=29434.152408272028 4403.98286485672 8571.1554749757051 5622.5909106433392 6376.8536547571421 3327.790048494935 24388.341933399439 6075.6726823747158 40509.978673756123 9227.7023365497589 6360.816971257329 9565.1767732650042 6222.369309335947 3549.4577668011189 23392.416198283434 2510.9047007262707 11257.463615685701 4136.9334922432899 4842.7000711560249 15830.333368822932 4681.7086230069399 4710.2113133817911 4797.5410275608301 27581.841489449143 4170.319151327014 2343.168391674757 6076.5521601438522 7115.7369183301926 20145.314134597778 2086.7328813076019 2445.7125365585089
leaf_count=149714 22399 44533 29113 32928 17098 125100 31455 208256 47778 32732 49372 32097 18254 118662 12948 58092 21038 24932 81344 24105 24249 24452 142015 21221 12033 31288 36639 103727 10827 12593
internal_value=-1.46349e-05 -0.0105438 -0.00715266 -0.00148466 0.0024274 0.00828168 -5.10342e-05 0.00634838 -0.0206139 -0.00899043 -0.017089 0.00127002 0.016867 0.0192221 0.0214616 -0.000446155 0.00301991 -0.00456021 -0.00163534 -0.00836849 -0.00524173 -0.00310176 -0.000586348 0.00874801 0.0302437 -0.00625807 -0.0086508 -0.00561958 0.000421668 0.00493256
internal_weight=311762 58693.8 50122.7 35272.4 253068 75270.9 177797 73493.6 14850.3 28525.2 15942 12583.2 32983.6 33401.4 30073.6 41869.5 30612 104303 58995.6 45307.7 43165.3 38455.1 32379.4 6681.22 6747.15 40465 33337.6 27261.1 26475.1 7127.42
internal_count=1600994 302985 258452 181561 1298009 384986 913023 376224 76891 147129 82300 64829 167968 169929 152831 215057 156965 536799 303515 233284 222171 197922 166467 34169 34432 208352 171654 140366 135927 36698
is_linear=0
shrinkage=0.05


Tree=2
num_leaves=31
num_cat=0
split_feature=12 21 21 21 21 44 21 21 30 30 74 21 21 21 21 21 47 21 74 74 74 60 24 74 60 74 74 74 74 74
split_gain=2673.04 1897.55 4188.28 1790.15 2128.71 1544.3 3789.1 1454.87 1375.33 1585.42 1347.67 947.337 1246.5 955.884 914.284 817.647 715.078 840.713 661.944 508.805 487.253 484.965 484.251 480.003 456.128 417.846 457.788 394.643 392.782 343.916
threshold=1.0000000180025095e-35 0.292499989271164 0.20250000059604648 0.29749999940395361 0.28249999880790716 1.0000000180025095e-35 0.23749999701976779 0.21249999850988391 0.87278234958648693 -0.86807742714881886 -0.0095253344625234587 0.2624999880790711 0.24750000238418582 0.27250000834465032 0.22249999642372134 0.28249999880790716 0.0013715133536607029 0.24750000238418582 -0.002922522602602839 -0.0091683147475123388 -0.0070419781841337672 -1.6598278307355937e-11 0.0075262372847646484 -0.018659960478544232 2.2964741219766441e-11 -0.07051477953791617 -0.060047311708331101 -0.011449975427240132 -0.014330159872770308 -0.07051477953791617
decision_type=2 2 2 2 2 2 2 2 2 2 2 2 2 2 2 2 2 2 2 2 2 2 2 2 2 2 2 2 2 2
left_child=1 2 8 4 5 6 23 -7 9 21 14 12 -8 -13 -4 16 17 -16 20 28 -12 -1 -22 -2 -10 -11 -27 -28 29 -3
right_child=3 19 10 -5 -6 7 11 -9 24 25 18 13 -14 -15 15 -17 -18 -19 -20 -21 22 -23 -24 -25 -26 26 27 -29 -30 -31
leaf_value=0.019480671130574088 0.02141650163304424 0.0055783798180765176 0.031588816111772118 0.025556974626477554 -0.030562171996840266 -0.0014203879196833958 -0.00011460460185623366 -0.030173714859278025 -0.0011669501518171779 -0.013048139490618114 0.0095274260116907025 0.013697804439710821 -0.02681797949202451 -0.011837935126666768 0.01197796642286944 0.033191672657015739 0.0036373073186750102 0.034926776610258801 0.014019348622492191 -0.015358371609597075 -0.029971914849437998 -0.003498470776427288 -0.0020500791799721954 0.047605856386821709 0.020600360787484947 0.010768805977299609 -0.0068522769570469634 0.00052367451743883745 0.01337618683331334 -0.0075037001672477802
leaf_weight=9804.4558682888746 5164.5609155893326 6194.7643019855022 11184.924493134022 3693.229126110673 10801.894568309188 7406.1954251378775 7315.5358553975821 10836.816429927945 3241.125423014164 12754.620116069913 3361.8021735548973 7379.1056982427835 10854.824394524097 7278.66128487885 13967.968484073877 5513.8883955180645 13691.263031318784 5588.03733715415 7367.6632454097271 11821.847215697169 2716.626871034503 2997.2853765487671 3624.2884258925915 2648.7482549846172 9340.9358738064766 5381.3452631086111 52307.455815836787 27755.831411749125 3179.1465262174606 26555.996766999364
leaf_count=49486 26106 31752 56295 18886 56735 38344 37774 56801 16660 65982 17077 37766 56684 37746 70278 28179 70230 28113 37501 61129 13932 15436 18563 13345 47012 27585 269709 143138 16237 136513
internal_value=-1.69924e-05 0.00255198 0.00478501 -0.00836152 -0.0101595 -0.00641629 -0.000991031 -0.0185016 -0.000673031 -0.00244896 0.01485 -0.00843945 -0.0160679 0.00101714 0.0189951 0.0153602 0.0124018 0.0185372 0.00272111 -0.00636089 -0.00585814 0.0141003 -0.0140162 0.0303004 0.0149931 -0.00460658 -0.00334628 -0.00429519 -0.0034 -0.00502899
internal_weight=311731 238351 190600 73379.6 69686.3 58884.4 40641.4 18243 123583 111001 67016.5 32828.1 18170.4 14657.8 49946.1 38761.2 33247.3 19556 17070.4 47751.8 9702.72 12801.7 6340.92 7813.31 12582.1 98199.3 85444.6 80063.3 35929.9 32750.8
internal_count=1600994 1220807 975176 380187 361301 304566 209421 95145 635008 571336 340168 169970 94458 75512 253095 196800 168621 98391 87073 245631 49572 64922 32495 39451 63672 506414 440432 412847 184502 168265
is_linear=0
shrinkage=0.05


Tree=3
num_leaves=31
num_cat=0
split_feature=36 21 21 21 30 47 30 47 21 21 21 21 17 59 59 74 74 74 74 29 69 74 29 29 29 21 21 74 12 74
split_gain=2643.5 1338.98 1283.73 2867.3 1207.21 2388.42 1630.07 2136.88 1034.38 792.94 1005.38 716.005 634.905 501.831 495.113 461.74 458.859 457.182 391.207 371.279 367.441 358.533 357.027 514.823 383.5 455.42 731.351 327.054 321.793 311.062
threshold=0.00013619371748063716 0.28249999880790716 0.22749999910593036 0.23749999701976779 0.87278234958648693 1.0000000180025095e-35 -0.85322558879852284 0.0021258747437968854 0.21249999850988391 0.2624999880790711 0.24750000238418582 0.26749999821186071 0.00092151790158823143 -1.9326762412674722e-11 1.1141310096718373e-11 -0.0095253344625234587 -0.0070419781841337672 -0.02208217233419418 -0.0033731036819517608 0.95686715841293346 -9.8587388492887826e-05 -0.018659960478544232 -0.93008610606193531 -1.0816322565078733 -0.88127139210700978 0.292499989271164 0.28249999880790716 -0.07051477953791617 0.00066101201809942733 -0.018659960478544232
decision_type=2 2 2 2 2 2 2 2 2 2 2 2 2 2 2 2 2 2 2 2 2 2 2 2 2 2 2 2 2 2
left_child=4 2 8 21 6 14 7 13 -2 10 29 -11 -8 -1 -6 17 -16 19 -18 27 -21 -4 23 28 -24 26 -26 -7 -9 -5
right_child=1 -3 3 9 5 15 12 22 -10 11 -12 -13 -14 -15 16 -17 18 -19 -20 20 -22 -23 24 -25 25 -27 -28 -29 -30 -31
leaf_value=0.017155074604906114 -0.0026640166125146865 -0.028206277211248767 0.019931606109672144 -0.0084331234208687104 -0.00094277342956250096 0.01924041488511187 -0.004735386529182789 -0.0043788423369114588 -0.02954486155246179 0.021451339172657735 -0.026171173807543066 -0.0058527584527737972 0.01783912560724835 -0.0021950691166675715 0.022977088523702477 -0.0090985219780179063 -0.0080770693804712562 0.018134069220592661 0.017342436679962075 0.024806753782634385 -0.0097961201854374173 0.0444669023726562 0.018994130314819627 -0.019568519098850642 -0.0020003058305397784 -0.009050017205861861 0.025210262250919203 0.0015118366467502429 0.022385215077216671 0.014780809661376782
leaf_weight=29755.568507269025 5959.3517064005136 8318.9541793167591 4297.9971269518137 4169.6920885145664 3231.1784835904837 3262.7824380844831 101845.9609310329 9329.8445661813021 8960.2558851093054 3227.2861834168434 9313.5394844710827 9368.8112701624632 3211.8772074580193 3775.0663453191519 23046.499144136906 11160.107833147049 2404.1860923618078 4184.8080193847418 4082.0167662650347 833.15554681420326 9552.932740598917 2281.2042963653803 2857.4607928842306 5913.8456223756075 8584.7834866195917 8977.0847922414541 3465.3120304048061 12823.603024914861 1275.7414914220572 2205.5382379442453
leaf_count=148819 30859 44533 21430 21603 16617 16559 526591 48211 47816 16394 49372 48435 16336 19420 114404 58063 12465 21030 20449 4192 49267 11218 14785 30603 44060 46423 17472 65812 6431 11325
internal_value=-1.94767e-05 -0.00963911 -0.00653589 -0.00128322 0.00218473 0.00752923 -4.21843e-05 0.00564557 -0.0188091 -0.00819908 -0.0157 0.00114366 -0.00404502 0.0149764 0.0176376 -0.000390795 0.0196706 0.00277909 0.00791984 0.000350972 -0.00701773 0.0284449 -0.00209796 -0.00774937 0.00181069 -0.00052498 0.00582581 0.00510899 -0.00115713 -0.000400321
internal_weight=311676 58102.6 49783.7 34864.1 253574 74581.3 178993 73934.7 14919.6 28284.9 15688.8 12596.1 105058 33530.6 32763.9 41817.4 29532.7 30657.3 6486.2 26472.5 10386.1 6579.2 40404.1 16519.4 23884.6 21027.2 12050.1 16086.4 10605.6 6375.23
internal_count=1600994 302985 258452 179777 1298009 378858 919151 376224 78675 147129 82300 64829 542927 168239 163935 214923 147318 156860 32914 135830 53459 32648 207985 85245 122740 107955 61532 82371 54642 32928
is_linear=0
shrinkage=0.05


Tree=4
num_leaves=31
num_cat=0
split_feature=44 21 21 21 20 21 21 30 30 61 21 21 21 46 17 74 21 74 47 21 74 21 60 74 74 74 30 74 74 7
split_gain=2214.24 1528.51 2788.35 1378.12 1514.58 1307.72 1265.08 1068.68 1299.42 1033 806.128 1256.8 1032.34 1202.11 698.716 680.258 672.768 661.191 577.248 874.677 564.066 478.993 419.896 385.665 361.068 360.134 359.604 347.47 407.298 345.978
threshold=1.0000000180025095e-35 0.25749999284744268 0.20250000059604648 0.23250000178813937 1.0000000180025095e-35 0.2424999997019768 0.21249999850988391 0.87278234958648693 -0.88008680939674366 0.7034738063812257 0.2624999880790711 0.27250000834465032 0.29749999940395361 0.037560796365141876 0.00083025734056718658 -0.0097176139242947084 0.24750000238418582 -0.02208217233419418 0.0021258747437968854 0.22249999642372134 -0.07051477953791617 0.28749999403953558 -1.6598278307355937e-11 -0.018659960478544232 -0.060047311708331101 -0.024737353436648842 0.98114615678787243 -0.07051477953791617 -0.060047311708331101 1.0000000180025095e-35
decision_type=2 2 2 2 2 2 2 2 2 2 2 2 2 2 2 2 2 2 2 2 2 2 2 2 2 2 2 2 2 2
left_child=1 2 7 18 16 23 -2 8 22 15 -11 -12 21 29 27 17 -5 20 19 -4 -3 -13 -1 -6 -22 -26 -9 -10 -29 -14
right_child=6 9 3 4 5 -7 -8 26 14 10 11 12 13 -15 -16 -17 -18 -19 -20 -21 24 -23 -24 -25 25 -27 -28 28 -30 -31
leaf_value=0.018676318960184634 -0.0012174158100478351 0.014903159996634602 0.024765176357387043 0.0081499595947285477 0.0034751786834192871 -0.015504503747894118 -0.028198203938203194 0.018501022271783608 -0.012758322208811701 -0.031202717226074001 0.0116031564505619 -0.012762431120921675 -0.010087070590107196 0.02337308418052686 0.017584288614266648 -0.008459916851745684 0.027329114038488252 0.02152427882466286 0.038878112302933969 0.0040089496418921657 -0.018032383699933763 -0.029323508605666494 -0.0031788676708978656 0.027336008499186659 0.0017711110623247633 -0.039436982074063015 0.00041767120177883343 0.009712475986508963 -0.0046740605721581159 0.012931676610059357
leaf_weight=9023.4999861568213 7391.5581560432911 6838.1793420016766 15285.028689160943 11379.083330690861 4902.5433119535446 10727.796805307269 10540.092455849051 8962.7441538274288 12333.853387027979 3676.1077228337526 7728.4418812841177 11069.099441558123 19282.409362003207 3533.2224781215191 3575.0029519051313 13300.735999658704 7645.6554883867502 5047.6987293064594 3817.0008481293917 7600.3644074350595 2844.4154840409756 7214.1869154274464 2904.3938734829426 2586.9204822182655 23038.525302276015 541.68281419575214 3966.2858989834785 5250.6340124458075 77810.384153068066 1782.3253238499165
leaf_count=44842 38344 34756 75650 56651 24910 56756 56801 44396 64349 19628 39219 58406 99868 17757 18092 69040 37779 25532 18802 37845 14607 38813 14998 12870 118347 2781 20207 26836 402948 9164
internal_value=-2.10043e-05 0.00102052 0.00372949 0.0122082 0.00599235 -0.00431164 -0.0170775 -0.000648968 -0.00223506 -0.00378283 -0.00859789 -0.00695527 -0.0103003 -0.00361137 -0.00411408 0.00128172 0.015859 0.00466411 0.0208768 0.0178726 0.00210483 -0.0192986 0.0133544 0.0117201 -0.00120738 0.000822637 0.0129544 -0.00492748 -0.00376446 -0.00813865
internal_weight=311600 293668 187771 63944.4 37242 18217.3 17931.7 123827 110898 105897 54285.8 50609.7 42881.2 24598 98969.9 51611.2 19024.7 38310.5 26702.4 22885.4 33262.8 18283.3 11927.9 7489.46 26424.6 23580.2 12929 95394.9 83061 21064.7
internal_count=1600994 1505849 957931 321263 188966 94536 95145 636668 572065 547918 282855 263227 224008 126789 512225 265063 94430 196023 132297 113495 170491 97219 59840 37780 135735 121128 64603 494133 429784 109032
is_linear=0
shrinkage=0.05


Tree=5
num_leaves=31
num_cat=0
split_feature=36 21 21 21 21 21 12 74 30 30 21 74 74 69 74 21 21 74 17 21 74 21 74 74 74 60 74 74 74 60
split_gain=2085.87 1190.7 1037.05 2335.05 986.376 2240.18 1355.01 1112.88 985.161 1139.47 942.197 879.035 901.959 804.006 792.911 700.812 840.555 687.151 638.206 629.892 604.578 602.016 446.257 437.961 410.746 409.03 386.846 350.38 333.186 313.778
threshold=0.00013619371748063716 0.28249999880790716 0.22749999910593036 0.23749999701976779 0.292499989271164 0.20250000059604648 1.0000000180025095e-35 -0.0095253344625234587 0.87278234958648693 -0.88008680939674366 0.21750000119209292 -0.02208217233419418 -0.07051477953791617 -0.00010943069719360209 -0.018659960478544232 0.2624999880790711 0.24750000238418582 -0.014330159872770308 0.00083246070425957452 0.29749999940395361 -0.002922522602602839 0.26749999821186071 -0.066267263144254671 -0.0070419781841337672 -0.0097176139242947084 -1.6598278307355937e-11 -0.013898836914449928 -0.011449975427240132 -0.018659960478544232 2.2964741219766441e-11
decision_type=2 2 2 2 2 2 2 2 2 2 2 2 2 2 2 2 2 2 2 2 2 2 2 2 2 2 2 2 2 2
left_child=4 2 10 -4 5 8 7 11 9 25 28 12 -7 -6 -13 16 -5 -16 27 -15 23 -17 -14 -9 26 -1 -21 -11 -2 -10
right_child=1 -3 3 15 13 6 -8 20 29 18 -12 14 22 19 17 21 -18 -19 -20 24 -22 -23 -24 -25 -26 -27 -28 -29 -30 -31
leaf_value=0.017745816188554333 -0.013656215517369839 -0.026357759163587374 0.025499090884282684 -0.00051442510268529917 0.022874951773915995 0.028081134896693168 -0.0067535324514671619 0.008007463426323462 -0.0009844375569217907 -0.0066027039287456625 -0.032397315666972161 0.072487709362482819 -0.015919434413198794 -0.023175654863624499 0.00053773242956505483 0.019913324560979606 -0.024197520957742386 0.037427843571250521 0.016875202174471336 -0.0024350156049738458 0.012432957761617628 -0.0050169780209557337 0.011453809235973125 -0.014239778653472283 -0.011908294964774156 -0.0038521592059465441 0.018705956615835143 0.00012935314306331455 0.0067200109441629867 0.017013020276686597
leaf_weight=8978.8467144370079 5699.5530363619328 8081.7717272639275 6725.6739724874496 6375.2717612832785 2611.5117336511612 8874.7425544410944 10269.685016363859 3397.3440806269646 3237.6961487680674 68184.180239021778 5836.9796456694603 1074.3998241722584 1557.1076504588127 4613.7502314448357 1847.5244329720736 3269.0020706951618 9086.8167921602726 3986.3870668709278 3556.5222364962101 30961.917777299881 7472.6592008769512 9331.5396368056536 33532.447991475463 6336.6112823784351 11528.129642754793 2899.2347138822079 2325.4152105301619 26971.832031682134 3094.586480230093 9602.1777618080378
leaf_count=44250 30287 44420 32620 32967 12939 43929 53598 17049 16631 354376 32082 5302 7768 24010 9121 16358 49321 19680 17850 159794 37526 48485 166927 32541 60420 14994 11716 139687 16208 47158
internal_value=3.2041e-05 -0.00856658 -0.00565654 -0.000959008 0.00198005 0.00356299 0.0101755 0.0127293 -0.000634363 -0.0021565 -0.0168247 0.0164471 0.013841 -0.0041574 0.0330274 -0.00730099 -0.0144336 0.0257482 -0.00391713 -0.00558615 0.00173677 0.00145145 0.0102386 -0.00647451 -0.00377472 0.0124738 -0.000957464 -0.00469448 -0.00648547 0.0124747
internal_weight=311321 57501.2 49419.4 34788.3 253820 201779 78348.9 68079.2 123430 110591 14631.1 50872.6 43964.3 52040.7 6908.31 28062.6 15462.1 5833.91 98712.5 49429.2 17206.6 12600.5 35089.6 9733.96 44815.5 11878.1 33287.3 95156 8794.14 12839.9
internal_count=1600014 302748 258328 179751 1297266 1028387 393441 339843 634946 571157 78577 252727 218624 268879 34103 147131 82288 28801 511913 255940 87116 64843 174695 49590 231930 59244 171510 494063 46495 63789
is_linear=0
shrinkage=0.05


Tree=6
num_leaves=31
num_cat=0
split_feature=36 21 21 21 30 35 30 35 21 21 11 21 7 24 17 7 30 30 30 30 24 74 30 74 60 14 74 74 30 30
split_gain=1890.89 1098.02 947.554 2092.46 895.741 1593.95 1211.64 1412.7 876.617 639.345 793.49 555.786 527.769 509.238 477.192 362.173 348.72 641.008 488.589 616.693 335.525 334.133 302.875 302.788 295.062 287.093 281.631 329.481 280.506 588.649
threshold=0.00013619371748063716 0.28249999880790716 0.22749999910593036 0.23749999701976779 0.86527273058891307 0.35622203350067144 -0.85322558879852284 -0.35359360277652735 0.21750000119209292 0.2624999880790711 0.0002558031701482833 0.27250000834465032 0.00013539570500142875 0.0065040551126003274 0.00093404937069863092 -0.0001601835974724963 0.79806566238403331 0.75273954868316661 0.68060359358787548 0.65010640025138866 0.0073894888628274211 -0.07051477953791617 0.7198815941810609 -0.018659960478544232 -5.5251803132705384e-11 0.00022739187261322516 -0.071292560547590242 -0.06040136702358722 1.6526092886924746 1.5828715562820437
decision_type=2 2 2 2 2 2 2 2 2 2 2 2 2 2 2 2 2 2 2 2 2 2 2 2 2 2 2 2 2 2
left_child=4 2 8 -4 6 13 7 15 23 10 -5 -11 28 -6 16 -1 17 18 19 -8 -9 -15 -20 -2 26 -18 -22 -28 29 -7
right_child=1 -3 3 9 5 12 14 20 -10 11 -12 -13 -14 21 -16 -17 25 -19 22 -21 24 -23 -24 -25 -26 -27 27 -29 -30 -31
leaf_value=0.013632663440159296 -0.013064511173031585 -0.025399099754396966 0.023963990851421372 -0.028039041656657174 0.0043344493548805344 -0.0054968715725260547 -0.0040427220750695395 0.0048573109076260534 -0.031322136338714023 0.01153243327018985 -0.0047286131326832181 -0.0094737754520038877 0.017139595245283894 0.02693761233848619 0.015358048539120603 -0.0056126678425132415 0.004992838626003652 0.015080396631989651 -0.024101674273375576 0.017340160693844413 0.025665389365904019 0.013385017384391235 -0.0049369751496642997 0.0063628629469552351 -0.0098431730839364014 -0.020058996817476055 -0.0057737150189642941 0.01445984845756124 -0.0099612432402593834 0.019242062658198208
leaf_weight=2693.8937649875879 5660.8624237179756 7970.3939190655947 6796.851591527462 5983.9328189045191 14222.449133917689 10327.288168117404 76662.184439197183 17450.31599766016 5738.0655916631222 6512.315556883812 9363.5690549463034 6094.7987452894449 3041.7023997306824 5485.0951195806265 3224.385923832655 26310.77781252563 1437.4588373303413 4479.5398742109537 4748.3706450164318 3525.9972679913044 4884.8760316520929 26669.321786358953 3645.2881655395031 3104.6610246896744 1270.3333109468222 5581.3855685889721 2241.3737291097641 19589.123873665929 13374.119478732347 3133.2387929707766
leaf_count=13541 30287 44420 32620 32922 70956 53225 398869 87077 32082 32676 49366 32167 15315 26774 16030 136826 7476 23372 24779 18260 23985 132369 19021 16208 6521 29134 11139 96987 69446 16164
internal_value=2.79959e-05 -0.00818275 -0.00539627 -0.000915774 0.00187791 0.00641118 -6.68742e-05 0.00479614 -0.0161306 -0.00696583 -0.0138188 0.00137682 -0.00259532 0.0122133 -0.0035712 -0.00382462 -0.00418126 -0.00337054 -0.00430381 -0.00310222 0.0102994 0.0156978 -0.0157808 -0.00618302 0.0136923 -0.0149277 0.0148119 0.012382 -0.00483301 0.000262299
internal_weight=311224 57225.5 49255.1 34751.5 253999 76253.2 177745 74440.7 14503.6 27954.6 15347.5 12607.1 29876.3 46376.9 103305 29004.7 100080 93061.4 88581.8 80188.2 45436 32154.4 8393.66 8765.52 27985.7 7018.84 26715.4 21830.5 26834.6 13460.5
internal_count=1600014 302748 258328 179751 1297266 384249 913017 376076 78577 147131 82288 64843 154150 230099 536941 150367 520911 484301 460929 417129 225709 159143 43800 46495 138632 36610 132111 108126 138835 69389
is_linear=0
shrinkage=0.05


Tree=7
num_leaves=31
num_cat=0
split_feature=36 21 21 21 21 21 12 74 74 21 30 30 21 12 21 21 21 21 47 17 21 74 60 74 74 74 74 21 43 74
split_gain=1714.14 1012.02 865.521 1876.41 826.759 1827.74 1109.92 977.603 902.622 815.211 800.074 951.801 675.577 922.788 674.356 761.529 583.022 734.809 531.031 527.246 506.086 375.19 345.031 338.372 373.6 337.327 314.278 312.807 290.86 275.105
threshold=0.00013619371748063716 0.28249999880790716 0.22749999910593036 0.23749999701976779 0.292499989271164 0.20250000059604648 1.0000000180025095e-35 -0.0072159511037170878 -0.0040491963736712924 0.21750000119209292 0.87278234958648693 -0.88008680939674366 0.29749999940395361 1.0000000180025095e-35 0.22249999642372134 0.28249999880790716 0.2624999880790711 0.24750000238418582 0.10742913931608201 0.00083166401600465189 0.26749999821186071 -0.0097176139242947084 -1.6598278307355937e-11 -0.07051477953791617 -0.060047311708331101 -0.013898836914449928 -0.094229631125926958 0.27750000357627874 0.07723467051982881 -0.018659960478544232
decision_type=2 2 2 2 2 2 2 2 2 2 2 2 2 2 2 2 2 2 2 2 2 2 2 2 2 2 2 2 2 2
left_child=4 2 9 -4 5 10 7 14 -9 29 11 22 -6 21 -7 18 17 -5 -16 23 -18 25 -1 26 -25 28 -13 -8 -14 -2
right_child=1 -3 3 16 12 6 27 8 -10 -11 -12 19 13 -15 15 -17 20 -19 -20 -21 -22 -23 -24 24 -26 -27 -28 -29 -30 -31
leaf_value=0.016134151123916883 -0.012495498437502174 -0.024468560124793509 0.022541672605822467 -0.00025172530650342887 -0.022192466124114033 0.024748928388976979 -0.0020173022976774277 -0.017973923074311126 0.0087466136515854092 -0.030276114706439063 0.011168618670471269 0.0051007137590846812 0.020171915703750789 0.021418064321994564 0.013603905824948876 0.027939690816498264 0.018077803608850428 -0.022518073428785507 0.0012094840268685816 0.015144765923617879 -0.0046739143917224977 -0.01206799619239364 -0.0036856729214534874 0.0097673855054094139 -0.0040231302522085507 0.017079975325461513 -0.015832773380407287 -0.024456628828540897 -0.0038865182203972437 0.0060258647937262216
leaf_weight=9087.4850590974092 5623.7270370274782 7862.6642968356609 6862.73642167449 6359.2669865489006 4576.09411495924 12369.560118973255 8302.7473628669977 4770.068212211132 9361.4603630006313 5642.0134714245796 12970.587026655674 2184.1781199276447 1312.7030802369118 3839.4925520867109 22013.000596314669 6021.4062088131905 3314.7112649828196 8878.6778295040131 14228.628869622946 3620.2727242559195 9297.6735566705465 11130.72273992002 2894.4376732259989 5243.0791126042604 77335.247982889414 2287.4448348730803 9989.9218768775463 1909.7028484791517 28725.257448405027 3114.1808052659035
leaf_count=44250 30287 44420 32620 32967 24121 59614 43418 24558 46821 32082 63789 11523 6798 18923 107268 29775 16358 49321 71807 17937 48485 58822 14994 26812 402933 11449 52708 10180 148766 16208
internal_value=2.45848e-05 -0.00781538 -0.00514768 -0.000874418 0.00178142 0.00322541 0.00916423 0.0114485 -0.000273128 -0.0154622 -0.000577773 -0.00195852 -0.00385005 -0.00207478 0.0144805 0.0114746 -0.00664527 -0.0132266 0.0087381 -0.00357918 0.00130612 -0.00415102 0.011346 -0.00429479 -0.00314737 -0.00142449 -0.0120765 -0.00621587 -0.00283433 -0.005894
internal_weight=311129 56955.7 49093 34713.1 254173 202302 78976.6 68764.1 14131.5 14379.9 123325 110355 51871.7 47295.6 54632.6 42263 27850.3 15237.9 36241.6 98372.7 12612.4 43456.1 11981.9 94752.4 82578.3 32325.4 12174.1 10212.5 30038 8737.91
internal_count=1600014 302748 258328 179751 1297266 1028387 393441 339843 71379 78577 634946 571157 268879 244758 268464 208850 147131 82288 179075 511913 64843 225835 59244 493976 429745 167013 64231 53598 155564 46495
is_linear=0
shrinkage=0.05


Tree=8
num_leaves=31
num_cat=0
split_feature=36 21 21 21 21 21 21 12 74 74 74 30 30 21 12 21 45 74 74 17 21 24 74 24 74 74 51 74 21 74
split_gain=1553.73 932.27 790.348 1683.71 757.713 745.981 1640.84 995.508 882.724 791.25 1432.85 719.376 856.853 618.544 827.219 531.559 697.288 526.049 506.599 474.295 471.902 367.656 357.264 386.81 341.664 317.51 304.71 302.638 287.207 270.732
threshold=0.00013619371748063716 0.28249999880790716 0.22749999910593036 0.23749999701976779 0.21750000119209292 0.292499989271164 0.20250000059604648 1.0000000180025095e-35 -0.0095253344625234587 -0.035201715305447571 -0.039252320304512971 0.87278234958648693 -0.88008680939674366 0.29749999940395361 1.0000000180025095e-35 0.2624999880790711 1.3106933236122134 -0.07051477953791617 -0.002922522602602839 0.00083166401600465189 0.27250000834465032 0.011188089847564699 -0.0070419781841337672 0.0075262372847646484 -0.0097176139242947084 -0.011449975427240132 -0.00032025275868363673 -0.013898836914449928 0.27750000357627874 -0.018659960478544232
decision_type=2 2 2 2 2 2 2 2 2 2 2 2 2 2 2 2 2 2 2 2 2 2 2 2 2 2 2 2 2 2
left_child=5 2 4 -4 -2 6 11 8 9 10 17 12 -1 -7 24 16 -5 -8 22 25 -17 -12 26 -24 27 -14 -10 -15 -9 -18
right_child=1 -3 3 15 -6 13 7 28 18 -11 21 -13 19 14 -16 20 29 -19 -20 -21 -22 -23 23 -25 -26 -27 -28 -29 -30 -31
leaf_value=0.010725998025680448 -0.0056178501199464301 -0.02356528526541242 0.021221036766710652 -0.026232371644932986 -0.029257960124018569 -0.021321832001284832 0.024140319566550231 -0.001918372191236717 -0.0013291587133623661 0.023813300213877467 -0.022205215496847234 0.010558255781868336 -0.0059147060171348027 -0.0026966102513163552 0.020156540006844959 0.010523136240036226 -0.010401445903404437 0.0099430774246720369 0.010741080987470036 0.014290662437012656 -0.0088305459738144583 0.012127277886171337 -0.028101412078989335 -0.0029951054879190416 -0.011535168770084994 0.00050923450023783576 0.03489124763521264 0.016100584506315196 -0.02352992389506767 0.0074925492488891673
leaf_weight=12038.47875007987 8711.2840817421675 7758.5826883465052 6923.7673424035311 5820.2237431257963 5548.8770476281643 4526.141742810607 9119.7369897514582 8294.6357282400131 2702.8825175911188 14899.777309283614 3845.5476542562246 13032.795186370611 67684.417484030128 29997.278654873371 3874.9225901216269 6565.0997291952372 6068.9765997231007 22942.53022146225 7575.0707309246063 3644.235869705677 6052.2938815802336 977.15708324313164 2652.8484047204256 3638.1025716364384 11064.404683187604 26869.42496073246 738.42589478194714 2304.8581001609564 1886.3154770284891 3242.0522745400667
leaf_count=59244 46495 44420 32620 32894 32082 24121 43929 43418 13387 72489 18877 63789 354306 155564 18923 32676 32427 112655 37526 17937 32167 4777 13887 18654 58822 139670 3662 11449 10180 16967
internal_value=2.12571e-05 -0.0074638 -0.00491027 -0.000834775 -0.0148184 0.00168988 0.00305895 0.0086708 0.0108217 0.0140889 0.01016 -0.000549959 -0.00186336 -0.00366653 -0.00197448 -0.00633883 -0.0126579 0.0139821 0.00104542 -0.00340689 0.00123923 -0.0152468 -0.00650099 -0.0135858 -0.00395248 -0.00408917 0.00644934 -0.00135476 -0.00592495 -0.00417018
internal_weight=311001 56691.2 48932.6 34672.4 14260.2 254310 202542 79273 69092.1 51784.7 36885 123269 110237 51767.6 47241.5 27748.6 15131.3 32062.3 17307.3 98198.1 12617.4 4822.7 9732.26 6290.95 43366.5 94553.8 3441.31 32302.1 10181 9311.03
internal_count=1600014 302748 258328 179751 78577 1297266 1028387 393441 339843 252727 180238 634946 571157 268879 244758 147131 82288 156584 87116 511913 64843 23654 49590 32541 225835 493976 17049 167013 53598 49394
is_linear=0
shrinkage=0.05


Tree=9
num_leaves=31
num_cat=0
split_feature=36 30 47 30 61 44 61 30 16 29 30 30 30 30 29 14 17 30 30 30 30 30 30 60 29 29 29 29 29 33
split_gain=1408.2 680.799 1299.26 968.524 631.209 690.276 1218.28 569.327 455.631 432.993 640.881 649.472 604.861 532.739 515.073 404.634 439.797 402.412 393.187 525.443 457.223 554.361 341.456 330.47 319.961 377.927 309.656 537.309 312.588 271.555
threshold=0.00013619371748063716 0.86527273058891307 0.0063188960775733003 0.46311081945896154 1.1062012910842898 1.777720630168915 1.8879257440567019 0.50378364324569713 1.3341645598411562 -0.93008610606193531 -0.86807742714881886 -0.46051788330078119 -0.50242251157760609 -1.049806475639343 -1.0816322565078733 0.00036519498098641639 0.0008178632997442038 -0.56637823581695546 0.56499138474464428 0.62014994025230419 0.68060359358787548 0.7198815941810609 0.53394505381584179 2.2964741219766441e-11 -0.88127139210700978 -0.7071872055530547 0.95686715841293346 1.0512581467628481 0.88512650132179271 -3.4574492019601159e-05
decision_type=2 2 2 2 2 2 2 2 2 2 2 2 2 2 2 2 2 2 2 2 2 2 2 2 2 2 2 2 2 2
left_child=1 3 23 9 -2 6 -6 -5 -7 14 13 12 17 24 -1 -13 -17 -12 22 -20 -21 -22 -9 -3 -11 -26 28 -28 -4 -14
right_child=4 2 26 7 5 8 -8 18 -10 10 11 15 29 -15 -16 16 -18 -19 19 20 21 -23 -24 -25 25 -27 27 -29 -30 -31
leaf_value=0.00047732768049916542 -0.01918308415015622 -0.0022868268975005735 0.00081983289654352751 -0.022891541079421648 -0.0063270601424757159 -0.021977978872560054 0.015894854964259554 -0.0050637313005047089 -0.0034278487303058638 0.019861376474258119 -0.0039762548789654588 0.0012738570447521399 -0.028224415741258252 0.014242729915328317 -0.017223455242313831 0.034858603413040229 0.007781689754603408 0.0094071547383129811 -0.020352163117343433 0.0070770069849344953 -0.022789578133629751 -0.0030986026511622931 0.016968055129669157 0.014170862719337044 -0.0067307612914385279 0.0053180263898065256 -0.020222877966997593 -5.4011016588949502e-05 0.017238618949462603 5.2046754186014126e-05
leaf_weight=13696.182610169053 9104.7290884256363 3372.0895505845547 22117.450765028596 4725.4729113280773 25556.489959105849 7992.1339438706636 8128.5542842000723 3442.7261605858803 5652.115316465497 2850.4825323522091 31392.911695480347 8227.3454128801823 3330.5780873298645 17519.811271712184 5870.4351495802402 2416.808973222971 3952.9511321932077 6839.3593388795853 5897.6201103180647 7035.9624610990286 4683.2288444638252 15091.029539808631 3592.8093282878399 31880.454340323806 8529.9261516481638 27445.277214869857 4647.8381689935923 11401.362472102046 3335.3078713417053 1139.0034885853529
leaf_count=70713 51855 17091 112683 24984 135833 45846 39078 18012 30136 14734 163944 42446 17604 84688 31015 12584 19820 35787 31147 36458 24822 79152 18645 153791 44777 135697 24358 59131 17195 5988
internal_value=1.82006e-05 0.0016031 0.0055382 -9.67827e-05 -0.00712718 -0.00480753 -0.000964218 -0.00648595 -0.0142948 0.00203606 0.00321892 -0.000504412 -0.00361684 0.0070053 -0.00483367 0.00859986 0.0180598 -0.00158179 -0.00453468 -0.00684126 -0.00386835 -0.00776328 0.00618726 0.0125964 0.00373905 0.00246094 -0.000457244 -0.00589611 0.00297213 -0.0210191
internal_weight=310868 254434 76754.5 177680 56434 47329.3 33685 44468.8 13644.2 133211 113644 57299 42701.9 56345.5 19566.6 14597.1 6369.76 38232.3 39743.4 32707.8 26810.2 19774.3 7035.54 35252.5 38825.7 35975.2 41502 16049.2 25452.8 4469.58
internal_count=1600014 1297266 384249 913017 302748 250893 174911 233220 75982 679797 578069 298173 223323 279896 101728 74850 32404 199731 208236 171579 140432 103974 36657 170882 195208 180474 213367 83489 129878 23592
is_linear=0
shrinkage=0.05


Tree=10
num_leaves=31
num_cat=0
split_feature=36 21 21 21 21 21 12 74 74 74 21 30 30 21 46 74 21 11 74 21 17 74 23 23 74 74 74 74 74 74
split_gain=1347.28 792.496 696.204 1409.76 694.905 1384.41 803.635 795.797 721.994 1190.71 662.717 596.258 720.375 576.496 743.707 482.454 472.774 666.146 443.72 434.696 419.831 349.396 349.394 328.924 298.726 355.072 298.384 290.185 357.654 269.07
threshold=0.00013619371748063716 0.28249999880790716 0.22749999910593036 0.23749999701976779 0.292499989271164 0.20250000059604648 1.0000000180025095e-35 -0.0095253344625234587 -0.035201715305447571 -0.039252320304512971 0.21750000119209292 0.87278234958648693 -0.86807742714881886 0.29749999940395361 0.0020836491603404288 -0.07051477953791617 0.2624999880790711 0.0002558031701482833 -0.003224452142603695 0.27250000834465032 0.00082960817962884914 -0.0070419781841337672 0.011392276268452408 0.006368376314640046 -0.07051477953791617 -0.060047311708331101 -0.094229631125926958 -0.010482868645340203 -0.013898836914449928 -0.018659960478544232
decision_type=2 2 2 2 2 2 2 2 2 2 2 2 2 2 2 2 2 2 2 2 2 2 2 2 2 2 2 2 2 2
left_child=4 2 10 29 5 11 7 8 9 15 -2 12 -1 -6 27 -7 17 -5 21 -18 24 -9 -11 -23 26 -26 -14 28 -15 -4
right_child=1 -3 3 16 13 6 -8 18 -10 22 -12 -13 20 14 -16 -17 19 -19 -20 -21 -22 23 -24 -25 25 -27 -28 -29 -30 -31
leaf_value=0.0092022986554047351 -0.0055054539684654411 -0.022101664420405401 0.011929171212118176 -0.025372422572855758 -0.020879465347404327 0.022278087230175402 -0.0052171695458020414 0.005563505892759198 0.022168239063102616 -0.019257494089818097 -0.027841755465317992 0.0095739344546972999 0.0055056326295535082 -0.0027736024569621799 0.018849427838635704 0.0087859840564890324 0.010000800485905088 -0.0037031348566296087 0.0090496907273773606 -0.0085897409809916579 0.013307482160080583 -0.028708733638755663 0.020395245367035509 -0.0043894788816611109 0.0098872418897811704 -0.0036451593397620282 -0.015017371474489866 -0.010740529849175194 0.020212785756294496 0.032469493813748633
leaf_weight=13297.418222159147 8621.4672481417656 7569.5922801494598 4584.6505044549704 5741.0133806467056 4450.6674339175224 9276.076802521944 10125.889981210232 3461.2915459275246 15066.916914388537 4179.8202928900719 5401.7030963599682 13102.010826855898 2165.326363325119 30009.786224663258 3901.2798697948456 23202.207557305694 6600.1117286086082 9279.2775114625692 8167.9332528561354 6003.7060025036335 3699.3510466516018 2389.877260863781 639.70719484984875 3325.0664072036743 5176.4325182288885 76008.725970566273 9706.5884481817484 11516.338126525283 1792.3342206925154 2446.2863756865263
leaf_count=64921 46377 44352 21506 33025 23996 44110 53448 17046 72359 20616 32130 63592 11458 156029 18890 113098 32794 49382 40230 32197 18080 12672 3100 17039 26480 398401 51903 61444 8849 11191
internal_value=-4.87871e-05 -0.00705217 -0.00471143 -0.000907409 0.00149807 0.00281584 0.00794436 0.00985632 0.0129308 0.00919865 -0.0141111 -0.000508675 -0.00170914 -0.00367872 -0.00205696 0.0126402 -0.00599536 -0.011987 0.000573361 0.001145 -0.00320885 -0.00697119 -0.0139901 -0.0145634 -0.00386562 -0.00278215 -0.0112736 -0.00394031 -0.00147736 0.0190801
internal_weight=310909 56247.8 48678.2 34655 254661 202991 79834.8 69708.9 52364.7 37297.8 14023.2 123156 110054 51670.4 47219.7 32478.3 27624.1 15020.3 17344.2 12603.8 96756.4 9176.24 4819.53 5714.94 93057.1 81185.2 11871.9 43318.5 31802.1 7030.94
internal_count=1600715 302954 258602 180095 1297761 1028553 393718 340270 253283 180924 78507 634835 571243 269208 245212 157208 147398 82407 86987 64991 506322 46757 23716 29711 488242 424881 63361 226322 164878 32697
is_linear=0
shrinkage=0.05


Tree=11
num_leaves=31
num_cat=0
split_feature=47 21 21 21 21 61 30 30 21 21 74 74 17 74 74 74 59 59 21 74 74 74 48 74 74 74 74 74 74 21
split_gain=1251.96 2044.97 772.764 1827.84 813.981 636.739 604.307 681.479 503.397 768.862 459.754 594.354 373.697 351.36 340.825 328.048 291.455 284.45 274.195 274.027 270.328 313.983 304.765 267.464 262.911 241.834 268.12 244.026 228.626 223.842
threshold=0.0014673429541289809 0.20250000059604648 0.22749999910593036 0.23749999701976779 0.21750000119209292 0.7034738063812257 0.87278234958648693 -0.88008680939674366 0.25249999761581426 0.22249999642372134 -0.010482868645340203 -0.013898836914449928 0.00082960817962884914 -0.07051477953791617 -0.018659960478544232 -0.050873855128884309 -7.9580786405131205e-12 1.1141310096718373e-11 0.21750000119209292 -0.018659960478544232 -0.07051477953791617 -0.060047311708331101 -0.0054961715359240762 -0.049325669184327119 -0.094229631125926958 -0.0095253344625234587 -0.02208217233419418 -0.07051477953791617 -0.018659960478544232 0.2424999997019768
decision_type=2 2 2 2 2 2 2 2 2 2 2 2 2 2 2 2 2 2 2 2 2 2 2 2 2 2 2 2 2 2
left_child=1 6 4 19 14 10 7 16 9 18 11 13 20 -5 -2 -15 -1 -8 -3 -4 24 22 -22 -23 -9 26 27 -11 -28 -7
right_child=2 8 3 5 -6 29 17 12 -10 25 -12 -13 -14 15 -16 -17 -18 -19 -20 -21 21 23 -24 -25 -26 -27 28 -29 -30 -31
leaf_value=0.014069391042899507 -0.011489193586480149 0.01514973921529641 0.01419570871993414 0.011805718093034082 -0.027538902316509625 0.0052503247829530642 -0.0029209326899769256 0.0049808468971869555 0.028820977586612503 0.017634203496759621 -0.0073476876482197612 0.028809564940299695 0.012515911467871411 -0.0097520586832479834 0.0067275043570350001 0.0024556587384085529 -0.0041170661218526356 0.014182056242605608 0.030276196190302862 0.033537471292586309 0.051554769873477513 -0.011173460902601774 0.0058135488943472577 -0.0022653808444012074 -0.014140057885500554 -0.004048694880185234 0.058758453167699565 0.0019944359874576548 0.01647216930736942 -0.0075839711758557016
leaf_weight=9072.601201325655 7446.7388270795345 11929.546937569976 5273.0745574086905 7042.7044724971056 6368.3668583631516 3589.8534346669912 3253.6217324286699 2202.7443406283855 4124.5472638607025 3136.2704499512911 13756.783956125379 2155.395667001605 3741.1263194084167 7372.7824023216963 3917.3899008482695 21690.607043340802 2908.3566050827503 9606.7768346220255 4003.7073169648647 2808.2885822206736 392.62105792760849 9633.9281326681376 4879.2875506281853 67208.108721002936 9758.1119109839201 5878.8614645898342 378.08503171801567 12172.718684718013 2054.9716144055128 62990.209006488323
leaf_count=43255 40278 56665 24924 34980 37785 18545 16432 11613 19696 14729 72190 10450 18180 37834 20512 110497 14901 45693 19019 12868 1998 50728 24834 352472 52521 29136 1755 58561 9710 337954
internal_value=-4.81351e-05 0.00290897 -0.0034542 -0.00208567 -0.0132299 -0.00365356 -0.000399346 -0.00160053 0.0121992 0.0104651 0.000491174 0.00330986 -0.0029792 0.00178673 -0.00520914 -0.000641244 0.00965427 0.0098548 0.0189527 0.0209209 -0.00359559 -0.00257249 0.00923017 -0.00338241 -0.0106182 0.00473916 0.00765138 0.00519974 0.0230667 -0.00689183
internal_weight=310748 166336 144412 126680 17732.5 118598 122657 109797 43678.7 39554.2 52018.3 38261.5 97815.9 36106.1 11364.1 29063.4 11981 12860.4 15933.3 8081.36 94074.8 82113.9 5271.91 76842 11960.9 23620.9 17742 15309 2433.06 66580.1
internal_count=1600715 841898 758817 660242 98575 622450 632627 570502 209271 189575 265951 193761 512346 183311 60790 148331 58156 62125 75684 37792 494166 430032 26832 403200 64134 113891 84755 73290 11465 356499
is_linear=0
shrinkage=0.05


Tree=12
num_leaves=31
num_cat=0
split_feature=36 21 21 21 47 21 46 21 46 21 21 21 21 21 30 30 30 21 21 30 30 17 30 30 30 21 30 11 17 74
split_gain=1140.55 725.217 572.188 1142.63 720.411 861.385 1052.83 534.511 681.233 505.948 1240.79 592.395 550.526 564.517 480.804 602.247 585.507 441.741 684.144 438.68 776.925 542.693 357.979 348.427 529.295 346.527 337.434 325.444 270.512 269.242
threshold=0.00013619371748063716 0.28749999403953558 0.292499989271164 0.20250000059604648 0.0014673429541289809 0.28249999880790716 0.0029763639904558663 0.29749999940395361 0.0020836491603404288 0.22749999910593036 0.2424999997019768 0.21249999850988391 0.2624999880790711 0.27250000834465032 0.87278234958648693 0.46311081945896154 0.50378364324569713 0.25249999761581426 0.22249999642372134 -0.46051788330078119 -0.50242251157760609 0.00081779094762168836 -0.88008680939674366 0.56499138474464428 0.62014994025230419 0.23250000178813937 0.53394505381584179 0.00036038845428265637 0.00086158659541979443 -0.07051477953791617
decision_type=2 2 2 2 2 2 2 2 2 2 2 2 2 2 2 2 2 2 2 2 2 2 2 2 2 2 2 2 2 2
left_child=2 9 3 14 17 -6 -7 -4 29 11 25 -2 27 -14 15 19 -17 18 -5 20 22 -21 -1 26 -25 -11 -18 -12 -23 -9
right_child=1 -3 7 4 5 6 -8 8 -10 10 12 -13 13 -15 -16 16 23 -19 -20 21 -22 28 -24 24 -26 -27 -28 -29 -30 -31
leaf_value=0.0087675208841590906 -0.00080522219841274779 -0.025053744836817122 -0.020001646528123019 0.017884687841363153 -0.0023822866773651023 0.022475805634529847 -0.026149989477193616 0.0065117176001149961 0.018173655320585659 0.025595956868111849 -0.024095686951904581 -0.021781120803764951 0.0098672142429288134 -0.0095773405689170803 0.0085508489546578682 -0.023304589920149336 -0.0053408002292756624 0.027162430444097038 0.0045070218019943173 -0.0004247952963417768 -0.020749671120107158 0.03300954002677256 -0.0010589930061026471 -0.02032654774342782 -0.0033913041994625215 0.0063367313198344991 0.017057663961661904 -0.007400636184376125 0.011211914565178508 -0.005136105235776115
leaf_weight=12222.229558125138 5818.3703039884567 4821.3130131810904 4399.8230090588331 16041.202354922891 27476.827788636088 7694.7251680642366 1300.4789460152388 5717.8562287688255 3920.2764726281166 3569.3027854859829 5704.8852723687887 7986.7395875006914 6607.2616430222988 8576.8035409003496 13203.054430454969 4452.8592770844698 3268.03927770257 4095.2256333678961 23647.271332859993 5858.5881150513887 4329.6528894752264 2629.6160382181406 38335.477387189865 5581.5681517273188 26596.847041189671 6759.4697852730751 3461.2431873679161 5981.5281993150711 3107.0358728468418 37440.69093683362
leaf_count=59128 30801 28849 23996 75631 140174 37627 7175 29380 18890 16272 33397 47706 32794 47700 63592 23906 17208 19301 113810 30591 23184 13508 200937 29901 140035 32890 17893 32545 14952 196942
internal_value=-4.71247e-05 -0.00651981 0.00137112 0.00256347 0.00720482 0.0020142 0.0154431 -0.00333762 -0.00177976 -0.00476729 -0.00173331 -0.0129416 -0.00739498 -0.00111573 -0.000463795 -0.00154746 -0.00613176 0.0115284 0.00991442 0.00144243 -0.000424321 0.0102786 0.00131658 -0.00416571 -0.00632953 0.0129944 0.00618005 -0.0155523 0.0212086 -0.00359271
internal_weight=310606 55825.7 254781 203302 80255.7 36472 8995.2 51478.6 47078.8 51004.4 37199.3 13805.1 26870.5 15184.1 123046 109843 43360.6 43783.7 39688.5 66482.6 54887.4 11595.2 50557.7 38907.7 32178.4 10328.8 6729.28 11686.4 5736.65 43158.5
internal_count=1600715 302954 1297761 1028553 393718 184976 44802 269208 245212 274105 195598 78507 146436 80494 634835 571243 228943 208742 189441 342300 283249 59051 260065 205037 169936 49162 35101 65942 28460 226322
is_linear=0
shrinkage=0.05


Tree=13
num_leaves=31
num_cat=0
split_feature=47 21 21 21 21 61 30 30 74 74 74 74 21 21 17 74 74 74 74 60 60 74 74 24 21 74 74 24 21 68
split_gain=1025.47 1645.27 657.783 1517.73 723.822 542.188 492.873 557.838 411.753 531.495 404.634 484.301 319.517 483.996 313.348 310.789 301.287 311.073 256.964 254.909 249.913 240.752 223.633 241.022 209.021 204.545 229.381 196.063 192.179 704.561
threshold=0.0014673429541289809 0.20250000059604648 0.22749999910593036 0.23749999701976779 0.21750000119209292 0.7034738063812257 0.87278234958648693 -0.86807742714881886 -0.010482868645340203 -0.013898836914449928 -0.0072159511037170878 -0.0049285127315670243 0.25249999761581426 0.22249999642372134 0.00082960817962884914 -0.018659960478544232 -0.07051477953791617 -0.060047311708331101 -0.011449975427240132 1.7507773009128872e-11 -2.023625711444765e-11 -0.018659960478544232 -0.0027977059362456198 0.007617069175466896 0.21750000119209292 -0.0026495042257010932 -0.0054907582234591237 0.030148453079164032 0.29749999940395361 -4.0292011362907934e-06
decision_type=2 2 2 2 2 2 2 2 2 2 2 2 2 2 2 2 2 2 2 2 2 2 2 2 2 2 2 2 2 2
left_child=1 6 4 21 15 8 7 20 9 16 12 -12 13 24 18 -2 -5 -18 -9 -8 -1 -4 23 -10 -3 26 -20 -13 -7 -30
right_child=2 10 3 5 -6 28 19 14 22 -11 11 27 -14 -15 -16 -17 17 -19 25 -21 -22 -23 -24 -25 -26 -27 -28 -29 29 -31
leaf_value=0.011984065654243155 -0.010732302146534166 0.015528034362825252 0.0126613754121251 0.010950540906635754 -0.0259512108005607 -0.0083770721523272473 -0.0034998624215015423 -0.0050072485413829087 -0.02193122308810818 0.027132022285101559 -0.019222865578799403 0.0068736635737361267 0.027941691450289685 0.0066674838650349847 0.011392431725611281 0.0066894100768063779 -0.01630418954122979 0.0011535653265712588 -0.00026185881273784904 0.012842757633869578 -0.0042144592741024103 0.030664004562251782 0.0010012899112669478 -0.0047243807991850231 0.030187176196678996 -0.0050108664284805376 0.011871970720134741 0.07358807754884289 0.017211156134911976 -0.0064166902477155261
leaf_weight=10127.167858332396 7379.9219616055489 9647.4900956749916 5328.3185279518366 7089.276845112443 6200.1042411923409 41896.616771697998 3152.5449144244194 66188.245210558176 3554.7393942028284 2179.2225993871689 2159.2635079473257 6620.4187231063843 3375.4302017092705 18913.898815020919 3752.7060256153345 3917.9898136109114 2825.9346715807915 26203.568261504173 10727.497382327914 9802.5293208360672 3111.8523899614811 2853.3821749389172 5378.3207924664021 4762.8577010631561 3254.7648601680994 9569.1065473258495 6113.5768350213766 111.02339255809784 3727.3608691990376 20516.773667186499
leaf_count=48059 40278 44787 24924 34980 37785 230130 15882 350294 18964 10450 11102 32164 15638 90017 18072 20512 14699 133632 56115 46243 15890 12868 28172 25054 15026 50083 31989 537 17800 108569
internal_value=-4.65184e-05 0.00262319 -0.00313976 -0.0018811 -0.012225 -0.00332354 -0.000356673 -0.00144698 0.000496823 0.00315776 0.0109069 0.0013755 0.0133147 0.0117619 -0.00276936 -0.00469015 0.00171042 -0.000546225 -0.00334346 0.00886552 0.00817617 0.0189434 -0.00694329 -0.0120805 0.0192284 0.000826097 0.00414306 0.00798551 -0.00632681 -0.00278331
internal_weight=310442 166628 143814 126316 17498 118135 122545 109590 51993.9 38298 44082.3 8890.71 35191.6 31816.2 96351.1 11297.9 36118.8 29029.5 92598.4 12955.1 13239 8181.7 13695.9 8317.6 12902.3 26410.2 16841.1 6731.44 66140.8 24244.1
internal_count=1600715 841898 758817 660242 98575 622450 632627 570502 265951 193761 209271 43803 165468 149830 506553 60790 183311 148331 488481 62125 63949 37792 72190 44018 59813 138187 88104 32701 356499 126369
is_linear=0
shrinkage=0.05


Tree=14
num_leaves=31
num_cat=0
split_feature=36 21 21 21 47 21 46 21 46 74 74 21 21 30 30 30 30 30 17 74 21 21 30 30 30 21 21 21 21 14
split_gain=941.869 663.287 488.672 947.21 553.827 771.658 933.782 488.385 553.715 437.617 692.527 396.441 509.535 390.533 551.956 532.965 389.018 700.447 461.249 383.957 342.428 474.602 323.33 698.14 285.582 282.638 375.371 265.901 258.936 235.376
threshold=0.00013619371748063716 0.28749999403953558 0.292499989271164 0.20250000059604648 1.0000000180025095e-35 0.28249999880790716 0.0029763639904558663 0.29749999940395361 0.0020836491603404288 -0.018659960478544232 -0.0099587370641529543 0.22749999910593036 0.23250000178813937 0.86527273058891307 0.46311081945896154 0.49656297266483312 -0.46051788330078119 -0.50242251157760609 0.00081779059837572287 -0.07051477953791617 0.25249999761581426 0.22249999642372134 0.79806566238403331 0.75273954868316661 -0.88008680939674366 0.2624999880790711 0.24750000238418582 0.21249999850988391 0.27250000834465032 0.00022739187261322516
decision_type=2 2 2 2 2 2 2 2 2 2 2 2 2 2 2 2 2 2 2 2 2 2 2 2 2 2 2 2 2 2
left_child=2 9 3 13 19 -6 -7 -4 -9 11 -11 27 -13 14 16 -16 17 24 -18 -5 21 -21 23 -17 -1 26 -14 -2 -27 -24
right_child=1 -3 7 4 5 6 -8 8 -10 10 -12 12 25 -15 15 22 18 -19 -20 20 -22 -23 29 -25 -26 28 -28 -29 -30 -31
leaf_value=0.007889452320622518 -0.0065896767706709533 -0.023862234173709349 -0.019146011110815195 0.022216976357866954 -0.0021645967306329192 0.021157392087907734 -0.024944085596422607 -0.0032863484722689671 0.016215825425050658 0.020122316271852164 -0.0033557357855624526 0.01769561186726577 -0.0037282658800351386 0.0072974570746009038 -0.02522565113158174 -0.0051092206443350873 -0.00061985496533356762 -0.019806036161965593 0.0192881076034035 0.014053835333911541 0.023288866615711223 0.0021314667543950948 0.0062479047760582024 0.016644434857965178 -0.00086771781943038341 0.0086001685212091974 -0.021541227227274692 -0.024235816457257416 -0.0076671302929912774 -0.018802433638867844
leaf_weight=12302.181086525321 3690.848100066185 4728.8467039912939 4350.2843450903893 5882.9263488948345 27518.288764342666 7786.0355568379164 1277.805922344327 43018.759760558605 3975.0018081218004 4080.9947241097689 13621.895388975739 2356.3195018023252 6392.991381496191 14450.342343196273 3299.8875241279602 27926.296853452921 5623.2021934688091 4277.6355587989092 6026.8533161729574 14060.844436436892 3546.5054800212383 20544.124482184649 1134.4148277044296 4248.3853398114443 38261.925654426217 4348.8619490414858 5504.7262856662273 5068.9776468873024 5588.739671587944 5388.1127168834209
leaf_count=59128 20016 28849 23996 26992 140688 37730 7175 226322 18890 21532 72688 10716 32345 69537 17953 148020 29426 23184 29625 65740 16455 98938 5979 22287 200937 21590 32445 31378 31395 28759
internal_value=-4.54382e-05 -0.00595532 0.00123863 0.00233815 0.00655008 0.00200301 0.0146555 -0.00312033 -0.00163633 -0.00428308 0.00205714 -0.00768942 -0.00438861 -0.000423789 -0.00145234 -0.00593978 0.00138197 -0.000380704 0.00967935 0.0103274 0.00849333 0.00697623 -0.00429445 -0.00223626 0.00126291 -0.00677272 -0.0119713 -0.016803 -0.000547634 -0.0144446
internal_weight=310283 55383.2 254900 203556 80616.5 36582.1 9063.84 51344 46993.8 50654.4 17702.9 32951.5 24191.6 122939 108489 41997.1 66491.8 54841.7 11650.1 44034.4 38151.5 34605 38697.2 32174.7 50564.1 21835.3 11897.7 8759.83 9937.6 6522.53
internal_count=1600715 302954 1297761 1028553 393718 185593 44905 269208 245212 274105 94220 179885 128491 634835 565298 222998 342300 283249 59051 208125 181133 164678 205045 170307 260065 117775 64790 51394 52985 34738
is_linear=0
shrinkage=0.05


Tree=15
num_leaves=31
num_cat=0
split_feature=36 21 21 21 21 21 64 47 21 21 30 30 30 30 30 21 74 21 30 20 24 33 30 30 74 74 24 61 30 30
split_gain=903.323 636.384 439.134 942.854 598.528 547.336 436.154 569.493 337.89 332.391 467.397 601.7 483.758 346.765 436.1 337.174 328.639 304.083 269.197 265.656 264.334 240.845 275.884 360.328 232.778 221.36 236.119 215.175 265.272 307.655
threshold=0.00013208828750066462 0.28249999880790716 0.22749999910593036 0.2424999997019768 0.2624999880790711 0.21249999850988391 0.0061716099735349425 1.9743521213531496 0.26749999821186071 0.292499989271164 0.86527273058891307 0.46311081945896154 0.50378364324569713 0.56499138474464428 0.62014994025230419 0.29749999940395361 -0.018659960478544232 0.25249999761581426 0.54634866118431102 1.0000000180025095e-35 0.0086055523715913313 4.4028911361237995e-05 -0.86807742714881886 -0.79796677827835072 -0.071292560547590242 -0.083902638405561433 0.012483133468776943 0.85615479946136486 -1.6651274561882017 -1.591433525085449
decision_type=2 2 2 2 2 2 2 2 2 2 2 2 2 2 2 2 2 2 2 2 2 2 2 2 2 2 2 2 2 2
left_child=6 2 5 16 17 -2 9 -8 -6 10 11 21 -13 18 -15 -11 -4 -5 -14 -17 -12 22 -1 -24 25 -9 -27 28 -26 -30
right_child=1 -3 3 4 8 -7 7 24 -10 15 20 12 13 14 -16 19 -18 -19 -20 -21 -22 -23 23 -25 27 26 -28 -29 29 -31
leaf_value=0.0050599181847124789 6.9602502187162896e-05 -0.01939055199049378 0.0053140349671005477 -0.0065747078989074718 0.01490969917515789 -0.019984226231113244 0.011786083126989713 0.0036086965442587433 -0.0035576077245078712 -0.02237360495685374 0.0028340583992579813 -0.020764462987835478 -0.00058268703944920847 -0.018210314894031989 -0.0029445517501803182 -0.0049048680463352791 0.023842565404807919 -0.022822164971692441 0.020004516740788639 0.014300261358435774 0.011998729824475113 0.01668404596440622 -0.011320568501922146 0.00082000703756931375 -0.014293703439023191 -0.013781373541319308 0.030518145060736631 0.012149343910318897 0.022604915369981254 -0.0011633622784547597
leaf_weight=33116.102427437901 6046.2988692671061 7438.0281099975109 6802.338498711586 6032.2645979821682 3394.7031533420086 7778.9956247210503 20331.13786315918 4405.4352180510759 9152.6194974035025 2566.735710978508 21814.374441936612 4505.7235979437828 4521.0485701560974 5691.37842489779 26272.123279839754 21277.937155082822 3692.6603234261274 5513.4847476035357 2446.0515613257885 1966.0156841427088 12308.176466777921 2670.008473649621 6986.8212700039148 48740.009007617831 3614.0796221643686 360.19430364668369 1803.3886434882879 3144.1244348436594 1441.649932667613 24192.637977510691
leaf_count=160719 32120 45378 32561 33215 16530 47954 95351 21897 48625 14386 106719 24749 23822 30906 139051 112366 16979 33131 12542 9389 58751 13192 36981 255069 19368 1791 8961 15535 7454 124719
internal_value=-1.72886e-05 -0.00577485 -0.00368253 -0.000671628 -0.0061202 -0.0112142 0.00124785 0.00500281 0.00143915 0.000105367 0.000912212 -0.000409708 -0.00525574 -0.00346018 -0.00566339 -0.00517948 0.0118354 -0.0143352 0.00664631 -0.0032797 0.0061402 0.00189042 0.00144559 -0.000702219 0.00146278 0.0100442 0.0231379 -0.000277576 -0.00161398 0.000173979
internal_weight=310027 55851.4 48413.4 34588.1 24093.1 13825.3 254175 59292.6 12547.3 194883 169072 134949 43436.3 38930.6 31963.5 25810.7 10495 11545.7 6967.1 23244 34122.6 91512.9 88842.9 55726.8 38961.5 6569.02 2163.58 32392.5 29248.4 25634.3
internal_count=1600211 306493 261115 181041 131501 80074 1293718 295076 65155 998642 862501 697031 231070 206321 169957 136141 49540 66346 36364 121755 165470 465961 452769 292050 199725 32649 10752 167076 151541 132173
is_linear=0
shrinkage=0.05


Tree=16
num_leaves=31
num_cat=0
split_feature=36 21 21 21 21 21 30 47 30 30 30 30 30 30 21 21 21 4 60 30 24 21 57 4 29 29 29 21 21 7
split_gain=818.375 584.196 399.942 849.919 546.198 503.482 393.015 631.893 587.892 386.134 626.649 449.69 568.523 364.449 304.144 303.259 281.883 258.64 257.425 255.139 247.045 245.927 237.693 232.444 217.723 484.434 327.323 249.389 515.281 212.806
threshold=0.00013208828750066462 0.28249999880790716 0.22749999910593036 0.2424999997019768 0.2624999880790711 0.21249999850988391 0.85108387470245372 0.0063188960775733003 0.79806566238403331 0.75273954868316661 0.68060359358787548 0.65010640025138866 0.46311081945896154 0.49656297266483312 0.292499989271164 0.26749999821186071 0.25249999761581426 0.00018567431106930601 3.7061909097246832e-11 0.7198815941810609 0.0040598018094897279 0.23250000178813937 0.17487686127424243 0.00013203847629483792 0.95686715841293346 1.0512581467628481 0.85200798511505138 0.292499989271164 0.28249999880790716 0.00013539570500142875
decision_type=2 2 2 2 2 2 2 2 2 2 2 2 2 2 2 2 2 2 2 2 2 2 2 2 2 2 2 2 2 2
left_child=6 2 5 21 16 -2 8 18 9 10 11 12 14 -14 -1 -6 -5 -13 -8 22 -9 -4 -12 -10 26 -26 27 28 -22 -27
right_child=1 -3 3 4 15 -7 7 20 23 -11 19 17 13 -15 -16 -17 -18 -19 -20 -21 24 -23 -24 -25 25 29 -28 -29 -30 -31
leaf_value=0.0026482421316899826 6.6119680724162485e-05 -0.018638403338107939 0.021625122656977361 -0.0062680718031508974 0.0140738518208261 -0.019217414921240614 -0.0031820476092520875 -0.010992191127008973 0.0043495625951971385 0.014805447407605208 0.00062821043886645319 -0.0031268421175035181 -0.022459943860677012 -0.0044881481764971675 -0.0034452695617666253 -0.0033858626007016025 -0.021978548813727242 0.026923157992421821 0.010273400171070753 -0.0034836190695289094 -0.00074565973284777256 0.0056000347895449679 -0.027264795121784691 -0.021074598500638243 -0.017926640551765929 -0.0026007220101023579 0.01706917325306706 -0.0057259330890411823 0.022431395625756405 0.013642299778280506
leaf_weight=108004.10883674026 6046.5073063671589 7353.5178017020226 3677.9715573638678 6011.5870972722769 3415.9938604086637 7687.3462335765362 3977.8282190710306 4652.65185084939 1121.6811231523752 4524.8203204721212 968.7947860956192 1000.0048601329327 3371.7237534672022 17256.640690267086 25267.29025618732 9136.5031626969576 5440.7822653353214 2516.550255343318 33334.776958614588 3551.0226914584637 8224.0710357129574 6861.7581707835197 3601.2391999959946 4515.2546480149031 4187.8209621012211 6361.8105799257755 4062.9793080836535 7414.9598676115274 3383.9615012407303 2950.8365392833948
leaf_count=544427 32120 45378 16403 33215 16530 47954 19925 24376 5856 23566 5233 5180 18763 91861 133367 48625 33131 13077 156883 18870 41210 33137 19537 24358 22416 33906 20966 39098 16340 14503
internal_value=-1.76215e-05 -0.00551067 -0.00351067 -0.000640978 -0.00583786 -0.0107278 0.00118429 0.00412429 -0.00013011 0.000396469 2.49501e-06 0.000701301 0.000297247 -0.00742684 0.0014929 0.00136591 -0.0137335 0.0183779 0.00883876 -0.0135408 -0.000141285 0.0111942 -0.0213519 -0.0160147 0.00123874 -0.00380474 0.00418837 0.00143624 0.00601181 0.00254647
internal_weight=309883 55632 48278.4 34544.6 24004.9 13733.9 254251 78551.7 175699 170062 165537 157416 153900 20628.4 133271 12552.5 11452.4 3516.56 37312.6 8121.06 41239.1 10539.7 4570.03 5636.94 36586.4 13500.5 23086 19023 11608 9312.65
internal_count=1600211 306493 261115 181041 131501 80074 1293718 389623 904095 873881 850315 806675 788418 110624 677794 65155 66346 18257 176808 43640 212815 49540 24770 30214 188439 70825 117614 96648 57550 48409
is_linear=0
shrinkage=0.05


end of trees

feature_importances:
vol_regime_pctile=148
max_dd=118
zscore_100=88
var_ratio_40=16
garch_forecast=14
zscore_50=14
bb_pos_50=13
kalman_residual=13
gk_vol=10
rvol_20=8
kalman_sn=8
roc_20=6
var_ratio_20=6
kalman_velocity=6
zscore_20=4
bb_width_20=4
var_ratio_5=4
ou_z_score=4
rvol_10=3
rvol_100=3
mom_5=2
mom_100=2
vol_regime=2
parkinson_vol=2
dist_mean_100=2
cvar_20=2
garch_ratio=1
entropy_200=1
var_ratio_10=1
autocorr_1=1
autocorr_10=1
ou_signal=1
trend_strength=1
var_20=1

parameters:
[boosting: gbdt]
[objective: binary]
[metric: auc]
[tree_learner: serial]
[device_type: cpu]
[data_sample_strategy: bagging]
[data: ]
[valid: ]
[num_iterations: 500]
[learning_rate: 0.05]
[num_leaves: 31]
[num_threads: 0]
[seed: 0]
[deterministic: 0]
[force_col_wise: 0]
[force_row_wise: 0]
[histogram_pool_size: -1]
[max_depth: 8]
[min_data_in_leaf: 100]
[min_sum_hessian_in_leaf: 0.001]
[bagging_fraction: 0.8]
[pos_bagging_fraction: 1]
[neg_bagging_fraction: 1]
[bagging_freq: 5]
[bagging_seed: 3]
[bagging_by_query: 0]
[feature_fraction: 0.8]
[feature_fraction_bynode: 1]
[feature_fraction_seed: 2]
[extra_trees: 0]
[extra_seed: 6]
[early_stopping_round: 0]
[early_stopping_min_delta: 0]
[first_metric_only: 0]
[max_delta_step: 0]
[lambda_l1: 0.1]
[lambda_l2: 1]
[linear_lambda: 0]
[min_gain_to_split: 0]
[drop_rate: 0.1]
[max_drop: 50]
[skip_drop: 0.5]
[xgboost_dart_mode: 0]
[uniform_drop: 0]
[drop_seed: 4]
[top_rate: 0.2]
[other_rate: 0.1]
[min_data_per_group: 100]
[max_cat_threshold: 32]
[cat_l2: 10]
[cat_smooth: 10]
[max_cat_to_onehot: 4]
[top_k: 20]
[monotone_constraints: ]
[monotone_constraints_method: basic]
[monotone_penalty: 0]
[feature_contri: ]
[forcedsplits_filename: ]
[refit_decay_rate: 0.9]
[cegb_tradeoff: 1]
[cegb_penalty_split: 0]
[cegb_penalty_feature_lazy: ]
[cegb_penalty_feature_coupled: ]
[path_smooth: 0]
[interaction_constraints: ]
[verbosity: -1]
[saved_feature_importance_type: 0]
[use_quantized_grad: 0]
[num_grad_quant_bins: 4]
[quant_train_renew_leaf: 0]
[stochastic_rounding: 1]
[linear_tree: 0]
[max_bin: 255]
[max_bin_by_feature: ]
[min_data_in_bin: 3]
[bin_construct_sample_cnt: 200000]
[data_random_seed: 1]
[is_enable_sparse: 1]
[enable_bundle: 1]
[use_missing: 1]
[zero_as_missing: 0]
[feature_pre_filter: 1]
[pre_partition: 0]
[two_round: 0]
[header: 0]
[label_column: ]
[weight_column: ]
[group_column: ]
[ignore_column: ]
[categorical_feature: ]
[forcedbins_filename: ]
[precise_float_parser: 0]
[parser_config_file: ]
[objective_seed: 5]
[num_class: 1]
[is_unbalance: 0]
[scale_pos_weight: 1]
[sigmoid: 1]
[boost_from_average: 1]
[reg_sqrt: 0]
[alpha: 0.9]
[fair_c: 1]
[poisson_max_delta_step: 0.7]
[tweedie_variance_power: 1.5]
[lambdarank_truncation_level: 30]
[lambdarank_norm: 1]
[label_gain: ]
[lambdarank_position_bias_regularization: 0]
[eval_at: ]
[multi_error_top_k: 1]
[auc_mu_weights: ]
[num_machines: 1]
[local_listen_port: 12400]
[time_out: 120]
[machine_list_filename: ]
[machines: ]
[gpu_platform_id: -1]
[gpu_device_id: -1]
[gpu_device_id_list: ]
[gpu_use_dp: 0]
[num_gpu: 1]

end of parameters

pandas_categorical:null
